2608 6878
0 74 169.148300
0 79 414.995575
1 173 426.509216
2 106 34.726246
2 105 32.117188
3 4 12.240302
4 3 12.240302
4 5 114.397438
5 4 114.397438
5 11 15.594360
5 6 19.818859
6 5 19.818859
6 7 12.426127
7 6 12.426127
7 8 30.774931
8 19 225.885101
8 7 30.774931
8 9 11.112966
9 18 225.878036
9 8 11.112966
9 10 20.385906
10 108 223.447983
10 9 20.385906
10 11 5.196093
11 5 15.594360
11 10 5.196093
12 16 38.261082
12 14 37.717785
12 13 37.491661
13 12 37.491661
13 15 5.622740
13 14 20.362728
14 12 37.717785
14 13 20.362728
14 17 17.056726
15 13 5.622740
15 20 11.241456
16 28 27.859495
16 12 38.261082
17 14 17.056726
17 22 17.572426
17 109 80.148804
18 22 22.881163
18 19 18.761272
18 9 225.878036
19 18 18.761272
19 21 11.682779
19 8 225.885101
20 21 17.626316
20 15 11.241456
21 19 11.682779
21 20 17.626316
22 17 17.572426
22 18 22.881163
22 198 340.461548
23 24 4.736851
23 26 20.828226
24 23 4.736851
24 25 9.785136
24 29 24.780087
25 24 9.785136
25 27 25.513756
25 29 24.052357
26 27 12.810542
26 23 20.828226
26 28 27.670519
27 25 25.513756
27 26 12.810542
27 28 26.899805
28 16 27.859495
28 26 27.670519
28 27 26.899805
29 24 24.780087
29 25 24.052357
29 38 315.190399
30 39 25.359293
30 36 8.248388
30 31 12.368557
31 37 21.858881
31 30 12.368557
31 32 10.966497
32 37 21.446360
32 31 10.966497
32 33 11.609872
33 38 33.060104
33 32 11.609872
33 34 12.614427
34 38 34.696918
34 33 12.614427
34 35 27.630211
35 39 26.735245
35 34 27.630211
35 36 4.131853
36 30 8.248388
36 35 4.131853
37 31 21.858881
37 32 21.446360
37 111 81.206642
38 34 34.696918
38 33 33.060104
38 29 315.190399
39 35 26.735245
39 30 25.359293
39 49 202.695831
40 50 31.278261
40 47 15.958507
40 41 7.624686
41 52 35.513199
41 40 7.624686
41 42 13.442263
42 52 35.730499
42 41 13.442263
42 43 14.071614
43 48 27.070957
43 42 14.071614
43 44 14.169493
44 48 25.820683
44 43 14.169493
44 45 10.492951
45 49 39.130943
45 44 10.492951
45 46 11.397866
46 49 37.271435
46 45 11.397866
46 47 13.409968
47 50 33.580593
47 40 15.958507
47 46 13.409968
48 44 25.820683
48 43 27.070957
48 111 362.954773
49 46 37.271435
49 45 39.130943
49 39 202.695831
50 47 33.580593
50 40 31.278261
51 52 18.963608
52 41 35.513199
52 42 35.730499
52 51 18.963608
53 113 254.870514
54 66 75.244606
54 55 13.757093
55 54 13.757093
55 63 21.187254
55 64 21.384102
56 59 38.647724
56 61 19.099512
57 61 68.578796
57 60 2.396859
58 60 33.462936
58 75 155.137421
59 56 38.647724
60 57 2.396859
60 58 33.462936
61 56 19.099512
61 57 68.578796
61 62 30.512959
62 61 30.512959
63 55 21.187254
63 126 131.774796
63 64 27.770382
64 55 21.384102
64 63 27.770382
64 77 92.765282
65 70 23.315054
65 69 26.857128
65 66 45.880432
66 65 45.880432
66 54 75.244606
66 67 50.632408
67 66 50.632408
67 68 9.012434
68 67 9.012434
69 65 26.857128
69 71 23.816231
69 74 60.957729
70 65 23.315054
70 71 26.580416
70 139 179.439072
71 69 23.816231
71 70 26.580416
71 72 49.629490
72 71 49.629490
72 73 26.356199
73 72 26.356199
74 0 169.148300
74 69 60.957729
74 76 87.455650
75 58 155.137421
75 78 5.767078
75 76 49.609837
76 74 87.455650
76 75 49.609837
76 77 29.352606
77 64 92.765282
77 76 29.352606
77 78 23.073790
78 75 5.767078
78 77 23.073790
79 87 226.187714
79 88 188.054169
79 0 414.995575
80 90 115.921661
80 91 114.741203
81 83 20.979637
81 81 72.691299
82 84 39.721481
82 83 52.428936
83 86 82.115051
83 81 20.979637
83 82 52.428936
84 85 60.590225
84 82 39.721481
85 84 60.590225
85 147 39.967697
85 86 33.700809
86 138 91.367256
86 83 82.115051
86 85 33.700809
87 79 226.187714
87 88 61.618149
88 79 188.054169
88 87 61.618149
88 147 182.424362
89 361 877.936584
89 97 122.731323
90 80 115.921661
90 96 15.711508
90 91 22.961557
91 80 114.741203
91 90 22.961557
91 92 10.635324
92 91 10.635324
92 93 21.500635
93 92 21.500635
93 94 25.593569
94 149 395.649872
94 93 25.593569
94 95 27.848328
95 237 769.531067
95 94 27.848328
95 97 25.083969
96 90 15.711508
96 97 7.855179
97 95 25.083969
97 96 7.855179
97 89 122.731323
98 102 6.821846
98 100 6.817869
99 102 14.275237
99 103 34.504425
99 106 101.936241
100 103 12.017037
100 98 6.817869
100 101 19.162733
101 100 19.162733
101 102 21.129864
102 98 6.821846
102 99 14.275237
102 101 21.129864
103 99 34.504425
103 100 12.017037
103 176 481.711121
104 105 102.126907
105 104 102.126907
105 2 32.117188
105 106 32.699570
106 2 34.726246
106 99 101.936241
106 105 32.699570
107 108 58.111164
107 194 192.264297
108 107 58.111164
108 10 223.447983
108 195 133.648163
109 17 80.148804
109 110 46.598717
110 109 46.598717
110 199 216.432755
111 217 305.198700
111 37 81.206642
111 48 362.954773
112 231 41.723717
112 220 39.528584
113 218 316.428040
113 53 254.870514
113 129 88.546074
114 136 14.356636
114 119 9.572338
115 137 20.524364
115 116 18.604870
115 128 23.108625
116 118 30.131758
116 115 18.604870
116 236 90.188629
117 128 45.434883
117 127 67.329025
117 142 50.427990
118 116 30.131758
118 137 14.670930
118 227 31.818542
119 135 25.648039
119 114 9.572338
119 120 143.430161
120 119 143.430161
120 126 31.326136
120 121 71.022926
121 125 46.810303
121 120 71.022926
121 122 202.102493
122 132 69.377541
122 125 34.703087
122 121 202.102493
123 136 26.972652
123 135 30.912977
123 234 180.376968
124 124 81.088066
124 125 87.515823
125 122 34.703087
125 121 46.810303
125 124 87.515823
126 120 31.326136
126 63 131.774796
127 117 67.329025
127 128 305.462952
128 117 45.434883
128 115 23.108625
128 127 305.462952
129 113 88.546074
129 231 52.361141
129 130 44.482437
130 129 44.482437
130 133 10.706421
130 131 9.479405
131 130 9.479405
131 132 10.161897
132 122 69.377541
132 131 10.161897
132 134 13.369457
133 130 10.706421
133 134 2.140021
134 132 13.369457
134 133 2.140021
134 135 45.070656
135 123 30.912977
135 119 25.648039
135 134 45.070656
136 114 14.356636
136 123 26.972652
136 137 105.195343
137 118 14.670930
137 115 20.524364
137 136 105.195343
138 148 41.560631
138 86 91.367256
139 143 41.088818
139 141 86.312721
139 70 179.439072
140 148 42.278046
140 141 83.789871
141 139 86.312721
141 140 83.789871
141 146 31.237633
142 117 50.427990
143 139 41.088818
143 236 171.183411
144 144 174.926025
144 239 25.069633
145 146 183.037384
145 236 24.725121
145 239 35.973431
146 141 31.237633
146 145 183.037384
146 239 428.031891
147 85 39.967697
147 88 182.424362
147 148 64.917618
148 138 41.560631
148 147 64.917618
148 140 42.278046
149 94 395.649872
149 151 33.280151
149 150 16.917677
150 149 16.917677
150 152 17.900148
151 149 33.280151
151 152 3.206159
152 150 17.900148
152 151 3.206159
152 241 161.107651
153 154 9.744434
154 156 89.544899
154 157 86.163994
154 168 193.416428
154 153 9.744434
155 168 102.462860
155 162 12.402115
155 156 12.638032
156 154 89.544899
156 155 12.638032
156 157 25.872002
157 154 86.163994
157 156 25.872002
157 158 6.622296
158 163 64.932365
158 157 6.622296
158 164 23.342350
159 167 37.670654
159 164 11.198792
159 160 22.007725
160 167 36.172390
160 159 22.007725
160 161 5.405690
161 165 62.236286
161 160 5.405690
161 162 12.394101
162 155 12.402115
162 161 12.394101
163 158 64.932365
163 164 68.501633
164 158 23.342350
164 159 11.198792
164 163 68.501633
165 161 62.236286
165 408 1134.899780
166 167 9.457957
167 159 37.670654
167 160 36.172390
167 166 9.457957
168 398 1065.225952
168 154 193.416428
168 155 102.462860
169 264 537.547424
170 172 20.152639
170 171 33.574051
171 174 122.479263
171 170 33.574051
171 172 13.423433
172 170 20.152639
172 171 13.423433
173 1 426.509216
173 174 137.951904
174 171 122.479263
174 173 137.951904
174 175 35.486317
175 174 35.486317
175 266 122.490448
176 267 44.453209
176 268 48.053219
176 103 481.711121
177 179 90.551216
178 183 208.589157
179 177 90.551216
179 180 65.877182
180 179 65.877182
180 182 50.232391
180 301 9.829347
181 303 216.939774
181 184 15.800941
181 182 21.076954
182 180 50.232391
182 181 21.076954
182 183 20.774803
183 178 208.589157
183 182 20.774803
183 185 17.072605
184 181 15.800941
184 185 3.953093
185 183 17.072605
185 184 3.953093
185 188 239.634903
186 186 139.576721
186 187 67.392433
187 186 67.392433
187 190 58.956589
187 188 36.390846
188 189 73.929726
188 187 36.390846
188 185 239.634903
189 188 73.929726
189 191 246.592957
190 304 107.584671
190 187 58.956589
190 191 40.586330
191 189 246.592957
191 190 40.586330
192 197 218.617188
192 196 7.489612
192 193 17.803499
193 459 528.532776
193 192 17.803499
193 194 18.220972
194 107 192.264297
194 193 18.220972
194 195 19.907751
195 108 133.648163
195 194 19.907751
195 196 11.236238
196 192 7.489612
196 195 11.236238
197 192 218.617188
197 203 26.688936
197 198 26.512358
198 22 340.461548
198 197 26.512358
198 199 23.303036
199 110 216.432755
199 198 23.303036
199 200 36.141571
200 206 135.593170
200 199 36.141571
200 201 19.311934
201 309 219.518707
201 200 19.311934
201 202 24.459141
202 204 102.367455
202 201 24.459141
202 203 6.674604
203 197 26.688936
203 202 6.674604
204 202 102.367455
204 313 117.573738
205 209 50.694973
205 206 64.185692
206 205 64.185692
206 200 135.593170
206 310 265.148041
207 209 53.477589
207 316 181.668503
208 212 16.547075
208 209 193.797592
209 205 50.694973
209 207 53.477589
209 208 193.797592
210 215 16.188175
210 211 20.304688
211 210 20.304688
211 212 196.335861
212 322 50.718597
212 208 16.547075
212 211 196.335861
213 221 122.357178
213 214 140.098709
214 213 140.098709
214 216 15.281906
214 215 9.764803
215 210 16.188175
215 214 9.764803
215 217 22.891821
216 214 15.281906
216 217 5.095151
217 215 22.891821
217 216 5.095151
217 111 305.198700
218 219 7.181149
218 113 316.428040
219 218 7.181149
219 221 30.214575
220 224 54.108776
220 223 211.760010
220 112 39.528584
221 219 30.214575
221 213 122.357178
222 230 31.973570
223 220 211.760010
223 230 39.483192
223 224 44.674610
224 220 54.108776
224 223 44.674610
224 231 61.588161
225 227 168.461197
225 228 49.830276
226 227 69.381660
226 228 49.339203
227 225 168.461197
227 226 69.381660
227 118 31.818542
228 226 49.339203
228 225 49.830276
229 232 47.076252
229 332 158.560837
230 222 31.973570
230 233 34.881550
230 223 39.483192
231 112 41.723717
231 224 61.588161
231 129 52.361141
232 229 47.076252
232 235 4.359501
232 233 23.263506
233 230 34.881550
233 232 23.263506
233 234 24.536039
234 123 180.376968
234 233 24.536039
234 235 54.199219
235 232 4.359501
235 234 54.199219
236 350 387.992157
236 116 90.188629
236 145 24.725121
236 143 171.183411
237 95 769.531067
237 363 83.961426
237 238 57.694324
238 365 19.381041
238 363 54.437912
238 237 57.694324
239 144 25.069633
239 145 35.973431
239 146 428.031891
240 242 2.581916
240 241 25.640638
241 242 25.821903
241 240 25.640638
241 152 161.107651
242 240 2.581916
242 241 25.821903
242 377 325.832031
243 549 744.295166
243 547 688.222595
244 378 17.476555
244 258 59.701557
245 246 34.560150
245 378 39.252033
245 379 79.108795
246 245 34.560150
246 379 147.921417
246 258 180.108398
247 250 27.620758
247 249 28.318501
248 260 24.283592
248 253 13.668811
248 249 8.224259
249 247 28.318501
249 248 8.224259
249 250 16.430939
250 247 27.620758
250 249 16.430939
250 251 22.550116
251 263 25.067720
251 250 22.550116
251 252 15.424880
252 263 24.959347
252 251 15.424880
252 259 15.297868
253 248 13.668811
253 259 3.417537
254 261 27.410742
254 262 41.526249
255 256 57.648071
255 262 35.414452
255 382 42.157440
256 255 57.648071
256 257 21.310322
257 258 48.583485
257 256 21.310322
258 244 59.701557
258 257 48.583485
258 246 180.108398
259 252 15.297868
259 253 3.417537
259 260 25.579414
260 248 24.283592
260 261 13.074360
260 259 25.579414
261 254 27.410742
261 260 13.074360
261 262 47.777149
262 255 35.414452
262 254 41.526249
262 261 47.777149
263 251 25.067720
263 252 24.959347
263 392 221.705307
264 400 87.784401
264 169 537.547424
264 401 59.332134
265 420 21.080650
265 270 267.711029
265 419 19.217693
266 175 122.490448
266 271 15.808368
266 267 10.082475
267 176 44.453209
267 266 10.082475
267 268 21.735250
268 176 48.053219
268 267 21.735250
268 269 17.263601
269 272 30.033546
269 268 17.263601
269 270 23.909151
270 265 267.711029
270 269 23.909151
270 271 15.803226
271 266 15.808368
271 270 15.803226
272 269 30.033546
272 275 175.237305
272 274 244.942810
273 276 43.398022
273 275 38.771088
273 274 137.342697
274 272 244.942810
274 273 137.342697
274 278 112.263817
275 273 38.771088
275 272 175.237305
275 276 23.191330
276 273 43.398022
276 275 23.191330
276 429 83.550171
277 295 89.233414
277 283 26.331945
277 285 11.777049
278 274 112.263817
278 279 16.375320
279 287 165.877945
279 278 16.375320
279 291 77.498680
280 286 37.432655
280 281 49.941357
281 280 49.941357
282 302 57.257515
282 283 7.088094
283 277 26.331945
283 285 27.247746
283 282 7.088094
284 428 204.567245
284 290 27.741913
285 277 11.777049
285 283 27.247746
285 286 75.811768
286 280 37.432655
286 285 75.811768
286 287 52.794415
287 279 165.877945
287 286 52.794415
288 434 57.067406
289 294 81.007278
289 292 1.224526
289 290 8.116992
290 284 27.741913
290 289 8.116992
290 291 6.791261
291 279 77.498680
291 290 6.791261
291 292 6.133667
292 289 1.224526
292 291 6.133667
293 434 161.927246
293 296 1.833097
293 294 8.545797
294 289 81.007278
294 293 8.545797
294 295 13.558428
295 277 89.233414
295 294 13.558428
295 296 6.835019
296 293 1.833097
296 295 6.835019
297 446 60.632877
297 298 37.959957
298 297 37.959957
298 306 165.801254
299 299 93.130463
299 300 64.027077
300 302 71.326706
300 299 64.027077
301 180 9.829347
301 302 118.435577
302 300 71.326706
302 301 118.435577
302 282 57.257515
303 181 216.939774
303 306 50.409607
304 305 158.359833
304 306 68.924164
304 190 107.584671
305 304 158.359833
305 306 64.739044
306 298 165.801254
306 303 50.409607
306 304 68.924164
306 305 64.739044
307 471 318.136444
307 313 7.832724
308 312 25.721668
308 315 186.439438
308 311 33.062359
309 201 219.518707
309 310 82.389252
310 206 265.148041
310 309 82.389252
310 311 61.066105
311 308 33.062359
311 310 61.066105
311 312 37.416367
312 308 25.721668
312 311 37.416367
312 477 310.203705
313 307 7.832724
313 204 117.573738
314 475 191.201782
314 315 57.029816
315 308 186.439438
315 314 57.029816
315 316 44.715656
316 315 44.715656
316 207 181.668503
316 326 236.289597
317 320 14.269829
317 323 27.042376
317 322 14.835938
318 320 9.603440
318 324 15.242579
318 321 13.184781
319 324 26.909086
319 322 23.377928
319 320 9.956264
320 318 9.603440
320 317 14.269829
320 319 9.956264
320 321 8.648268
321 318 13.184781
321 320 8.648268
321 323 13.897871
322 317 14.835938
322 319 23.377928
322 212 50.718597
323 317 27.042376
323 321 13.897871
323 326 122.160088
324 319 26.909086
324 318 15.242579
324 325 429.282166
325 487 111.546814
325 326 80.213264
325 324 429.282166
326 325 80.213264
326 323 122.160088
326 316 236.289597
327 337 53.416897
327 328 46.871452
328 327 46.871452
328 329 61.001949
329 328 61.001949
329 330 138.193680
330 331 57.299458
330 329 138.193680
331 330 57.299458
331 334 5.119914
331 332 20.029221
332 229 158.560837
332 331 20.029221
332 333 30.075838
333 354 39.394787
333 332 30.075838
333 335 20.189133
334 331 5.119914
334 335 20.504332
335 333 20.189133
335 334 20.504332
335 336 83.576736
336 358 66.743958
336 335 83.576736
336 337 23.835566
337 327 53.416897
337 336 23.835566
337 506 103.097206
338 339 6.763955
339 338 6.763955
339 340 113.046745
340 346 37.324467
340 345 30.788633
340 339 113.046745
341 354 15.867150
341 358 82.731552
342 359 91.329536
342 358 142.202118
343 353 24.115147
343 352 4.203375
343 344 10.306618
344 353 23.467476
344 343 10.306618
344 345 3.327805
345 340 30.788633
345 344 3.327805
345 346 10.597035
346 340 37.324467
346 345 10.597035
346 347 3.834783
347 350 22.867229
347 346 3.834783
347 348 9.389416
348 350 21.688246
348 347 9.389416
348 349 2.474735
349 351 2.482025
349 348 2.474735
350 348 21.688246
350 347 22.867229
350 236 387.992157
351 349 2.482025
351 352 8.684735
351 361 100.435905
352 351 8.684735
352 343 4.203375
352 362 108.690239
353 343 24.115147
353 344 23.467476
353 355 65.524834
354 341 15.867150
354 333 39.394787
355 353 65.524834
355 357 18.984228
355 356 19.447393
356 359 32.423279
356 355 19.447393
356 357 2.040631
357 355 18.984228
357 356 2.040631
358 341 82.731552
358 342 142.202118
358 336 66.743958
359 342 91.329536
359 356 32.423279
359 534 36.668526
360 363 77.866783
360 371 105.301338
361 362 113.266319
361 89 877.936584
361 351 100.435905
362 361 113.266319
362 516 102.186615
362 352 108.690239
363 360 77.866783
363 237 83.961426
363 238 54.437912
364 367 14.941430
365 540 401.225159
365 238 19.381041
365 376 129.768036
366 373 3.923275
366 376 18.421413
366 368 79.344002
367 364 14.941430
367 370 26.614357
367 368 25.228176
368 366 79.344002
368 367 25.228176
368 369 9.802658
369 374 186.500656
369 368 9.802658
369 370 3.333240
370 367 26.614357
370 369 3.333240
371 360 105.301338
371 544 287.230042
371 537 185.875595
372 377 79.010910
372 376 14.814293
372 375 31.625591
373 366 3.923275
373 375 15.664282
374 369 186.500656
374 541 213.556580
374 375 92.632790
375 372 31.625591
375 373 15.664282
375 374 92.632790
376 366 18.421413
376 372 14.814293
376 365 129.768036
377 372 79.010910
377 242 325.832031
378 245 39.252033
378 244 17.476555
379 245 79.108795
379 246 147.921417
380 552 178.095840
380 391 13.846099
380 381 2.770916
381 388 11.060822
381 380 2.770916
382 255 42.157440
383 388 26.880478
383 391 17.844023
383 392 76.523857
384 385 83.725182
385 384 83.725182
385 387 12.844343
386 387 43.316376
386 389 54.107254
387 385 12.844343
387 386 43.316376
388 381 11.060822
388 383 26.880478
388 389 61.828747
389 386 54.107254
389 388 61.828747
389 390 28.805401
390 554 32.384247
390 550 265.613922
390 389 28.805401
391 383 17.844023
391 380 13.846099
391 393 174.024261
392 383 76.523857
392 263 221.705307
392 393 177.553497
393 391 174.024261
393 566 134.672455
393 392 177.553497
394 395 21.336697
394 570 57.365910
394 411 21.582842
395 394 21.336697
395 581 267.333069
395 410 34.365170
395 570 47.531998
396 413 69.020874
396 397 13.875096
396 398 117.449120
397 396 13.875096
397 399 9.435966
397 398 114.817764
398 396 117.449120
398 168 1065.225952
398 397 114.817764
399 397 9.435966
399 412 83.011032
400 264 87.784401
400 401 18.279341
400 402 29.843576
401 264 59.332134
401 400 18.279341
401 403 46.767574
402 400 29.843576
402 404 9.271600
402 406 21.756227
403 401 46.767574
403 405 8.875790
403 404 3.599055
404 402 9.271600
404 403 3.599055
405 406 22.690775
405 403 8.875790
405 407 174.585510
406 402 21.756227
406 405 22.690775
406 422 151.679169
407 405 174.585510
407 409 106.516930
407 414 47.035133
408 165 1134.899780
408 409 11.057964
409 407 106.516930
409 408 11.057964
410 395 34.365170
410 417 0.996805
410 411 21.685541
411 394 21.582842
411 410 21.685541
411 412 7.690070
412 399 83.011032
412 411 7.690070
412 413 12.292379
413 396 69.020874
413 412 12.292379
413 414 25.560368
414 407 47.035133
414 413 25.560368
414 415 6.656987
415 421 65.692421
415 414 6.656987
415 416 19.803921
416 421 62.959923
416 415 19.803921
416 423 11.712146
417 410 0.996805
417 418 5.542648
418 423 18.666430
418 417 5.542648
418 587 438.454376
419 420 19.676470
419 265 19.217693
419 422 129.195053
420 419 19.676470
420 265 21.080650
421 422 36.477921
421 415 65.692421
421 416 62.959923
422 421 36.477921
422 419 129.195053
422 406 151.679169
423 424 83.676094
423 416 11.712146
423 418 18.666430
424 423 83.676094
424 588 409.952667
425 426 44.011532
426 425 44.011532
426 590 52.599274
426 427 28.745974
427 426 28.745974
427 428 116.794151
428 427 116.794151
428 284 204.567245
429 276 83.550171
429 432 22.342627
429 430 11.460266
430 429 11.460266
430 431 10.119140
431 586 286.319183
431 430 10.119140
431 432 2.567884
432 429 22.342627
432 431 2.567884
433 590 67.101685
434 288 57.067406
434 441 78.440102
434 293 161.927246
435 441 158.085251
436 438 1.716022
436 442 10.351226
437 439 188.185562
437 438 159.143433
438 436 1.716022
438 440 10.538028
438 437 159.143433
439 449 76.331215
439 437 188.185562
440 438 10.538028
440 442 10.211537
440 441 48.600132
441 440 48.600132
441 434 78.440102
441 435 158.085251
442 440 10.211537
442 436 10.351226
442 443 33.820129
443 442 33.820129
443 444 64.784363
444 443 64.784363
444 445 48.954292
445 444 48.954292
445 446 52.881733
446 297 60.632877
446 445 52.881733
446 447 75.559914
447 446 75.559914
447 450 9.925825
448 451 97.633263
448 449 54.787338
449 439 76.331215
449 448 54.787338
449 604 96.243729
450 447 9.925825
450 451 70.810944
451 456 84.445328
451 450 70.810944
451 448 97.633263
452 609 260.832855
452 604 55.132248
453 459 159.930359
453 469 275.047394
453 454 23.078688
454 453 23.078688
454 457 28.703194
455 607 381.102295
455 458 5.196955
455 456 13.874114
456 451 84.445328
456 455 13.874114
456 460 13.145317
457 454 28.703194
457 460 12.316960
457 458 7.784126
458 455 5.196955
458 457 7.784126
459 453 159.930359
459 193 528.532776
459 460 99.777855
460 456 13.145317
460 457 12.316960
460 459 99.777855
461 466 64.138397
461 468 58.911507
462 467 32.454887
462 463 75.368706
462 464 58.210163
463 462 75.368706
464 462 58.210163
464 465 18.963129
465 464 18.963129
466 471 28.764788
466 461 64.138397
466 470 29.486944
467 462 32.454887
467 624 224.802002
467 469 49.392002
468 461 58.911507
468 478 50.616913
468 623 68.102074
469 470 99.045242
469 467 49.392002
469 453 275.047394
470 469 99.045242
470 466 29.486944
470 471 22.485996
471 466 28.764788
471 307 318.136444
471 470 22.485996
472 477 36.560913
472 478 36.828552
472 474 7.680165
473 476 148.519302
473 486 99.195534
474 632 52.605671
474 472 7.680165
474 484 76.948227
475 314 191.201782
475 484 44.458599
475 485 38.258686
476 473 148.519302
476 636 35.368011
476 632 25.164330
477 472 36.560913
477 312 310.203705
477 478 34.777599
478 623 32.242382
478 612 24.033915
478 472 36.828552
478 468 50.616913
478 632 23.324932
478 477 34.777599
479 634 118.133301
479 480 18.686861
480 479 18.686861
480 481 21.209837
481 480 21.209837
481 482 28.084766
482 633 82.533478
482 481 28.084766
482 492 166.492813
483 498 34.832962
483 497 36.180565
483 486 57.391464
484 474 76.948227
484 475 44.458599
484 485 44.382210
485 475 38.258686
485 484 44.382210
485 486 104.485031
486 473 99.195534
486 483 57.391464
486 485 104.485031
487 494 34.642193
487 325 111.546814
488 510 10.585950
488 489 46.658577
489 493 209.088852
489 488 46.658577
490 647 198.278305
490 648 27.919283
490 491 100.620697
491 490 100.620697
491 492 119.167702
492 491 119.167702
492 482 166.492813
493 489 209.088852
493 496 32.298065
493 495 27.370174
494 487 34.642193
494 499 3.526801
494 495 14.055881
495 493 27.370174
495 494 14.055881
495 496 16.901384
496 493 32.298065
496 495 16.901384
496 497 17.814911
497 483 36.180565
497 496 17.814911
497 498 14.787452
498 483 34.832962
498 497 14.787452
498 499 10.603418
499 494 3.526801
499 498 10.603418
500 527 132.743134
500 501 25.665117
500 526 73.916382
501 654 77.893600
501 500 25.665117
501 526 226.699844
502 507 49.129677
502 505 18.818245
502 503 44.231441
503 509 64.396782
503 502 44.231441
503 508 26.062906
504 525 290.254211
504 506 16.650740
504 505 6.277067
505 502 18.818245
505 504 6.277067
506 508 30.369331
506 504 16.650740
506 337 103.097206
507 533 172.904861
507 502 49.129677
507 509 159.684204
508 503 26.062906
508 506 30.369331
508 510 214.079910
509 503 64.396782
509 507 159.684204
509 510 152.067764
510 488 10.585950
510 508 214.079910
510 509 152.067764
511 512 12.124424
511 538 108.438072
512 511 12.124424
512 662 135.733841
512 523 56.005424
513 533 66.473122
513 515 7.113535
513 525 18.352390
514 522 71.611229
514 536 37.938168
514 517 22.063995
515 513 7.113535
515 517 7.114805
516 534 20.930752
516 537 33.082684
516 362 102.186615
517 514 22.063995
517 515 7.114805
517 532 30.202139
518 535 20.042875
518 524 5.728659
518 519 10.817768
519 535 20.658802
519 518 10.817768
519 520 26.567327
520 529 18.070927
520 519 26.567327
520 521 21.213671
521 529 23.171917
521 532 48.925465
521 520 21.213671
521 522 12.427563
522 514 71.611229
522 521 12.427563
522 523 39.034241
523 512 56.005424
523 522 39.034241
523 524 11.073474
524 518 5.728659
524 523 11.073474
525 513 18.352390
525 534 25.130384
525 504 290.254211
526 500 73.916382
526 527 62.829685
526 501 226.699844
526 531 134.329010
527 500 132.743134
527 526 62.829685
527 530 43.655663
527 531 122.685013
528 537 6.764669
528 536 33.064251
528 544 129.048416
529 520 18.070927
529 521 23.171917
529 530 130.844559
530 527 43.655663
530 529 130.844559
530 657 279.195312
531 526 134.329010
531 527 122.685013
532 521 48.925465
532 517 30.202139
532 533 86.227905
533 513 66.473122
533 507 172.904861
533 532 86.227905
534 525 25.130384
534 516 20.930752
534 359 36.668526
535 518 20.042875
535 519 20.658802
535 672 130.517044
536 528 33.064251
536 514 37.938168
536 676 358.863708
537 516 33.082684
537 528 6.764669
537 371 185.875595
538 511 108.438072
539 543 57.873013
539 540 163.865372
540 365 401.225159
540 539 163.865372
541 542 19.144693
541 545 32.873547
541 374 213.556580
542 546 34.166458
542 541 19.144693
542 543 23.510180
543 539 57.873013
543 542 23.510180
544 371 287.230042
544 528 129.048416
544 675 285.119049
545 546 4.694711
545 541 32.873547
546 545 4.694711
546 542 34.166458
546 680 218.919708
547 549 395.856598
547 243 688.222595
547 682 201.256973
548 686 319.427826
548 550 218.466721
548 549 236.375977
549 243 744.295166
549 548 236.375977
549 547 395.856598
550 390 265.613922
550 548 218.466721
551 563 129.459564
551 692 129.605728
552 380 178.095840
552 553 18.179335
553 563 84.826996
553 552 18.179335
553 702 167.186127
554 390 32.384247
554 562 88.195862
554 555 131.264801
555 554 131.264801
555 556 16.254066
556 555 16.254066
556 556 49.057724
557 557 38.680931
557 558 40.673897
558 561 89.560806
558 562 131.003571
558 557 40.673897
559 691 94.572830
559 561 29.813387
560 560 44.269341
560 561 26.692663
561 559 29.813387
561 558 89.560806
561 560 26.692663
562 554 88.195862
562 558 131.003571
562 563 48.318405
563 553 84.826996
563 551 129.459564
563 562 48.318405
564 565 17.705992
565 698 101.158203
565 564 17.705992
566 566 386.750854
566 393 134.672455
567 568 15.216164
568 567 15.216164
568 572 239.824753
569 571 26.049458
570 394 57.365910
570 395 47.531998
570 571 55.320606
571 569 26.049458
571 570 55.320606
571 575 136.637711
572 568 239.824753
572 574 13.995337
572 573 17.533804
573 575 154.052277
573 572 17.533804
573 712 20.573818
574 572 13.995337
574 711 3.497223
575 571 136.637711
575 573 154.052277
576 581 31.647299
576 577 36.048485
577 576 36.048485
577 578 35.203972
578 582 47.071690
578 577 35.203972
578 579 15.095964
579 580 97.891190
579 578 15.095964
580 579 97.891190
580 581 14.960533
581 395 267.333069
581 576 31.647299
581 580 14.960533
582 578 47.071690
582 716 78.237846
582 724 186.283722
583 584 1.239192
583 585 11.179060
584 583 1.239192
584 585 27.256786
584 724 211.961288
585 584 27.256786
585 583 11.179060
585 587 110.742569
586 431 286.319183
586 588 92.574989
586 589 112.361382
587 585 110.742569
587 737 399.142120
587 418 438.454376
588 586 92.574989
588 424 409.952667
588 589 55.557308
589 586 112.361382
589 588 55.557308
589 738 292.460297
590 597 113.498283
590 426 52.599274
590 433 67.101685
591 596 48.464996
592 595 19.800850
593 599 47.469234
593 598 30.580675
593 594 105.532906
594 593 105.532906
594 595 43.496204
595 592 19.800850
595 594 43.496204
595 596 69.622543
596 591 48.464996
596 595 69.622543
597 590 113.498283
597 598 143.180298
598 593 30.580675
598 597 143.180298
599 727 55.046986
599 593 47.469234
599 732 50.368656
600 603 31.052013
601 602 104.437500
602 601 104.437500
602 603 47.444992
603 600 31.052013
603 602 47.444992
603 608 72.235016
604 452 55.132248
604 449 96.243729
604 608 120.102760
605 609 132.170502
605 606 124.987175
606 605 124.987175
606 732 293.737366
607 761 48.799660
607 754 55.729984
607 455 381.102295
608 603 72.235016
608 604 120.102760
608 609 72.046616
609 452 260.832855
609 608 72.046616
609 605 132.170502
610 769 105.273102
610 615 190.118439
611 618 79.519936
611 620 55.609028
612 478 24.033915
612 623 16.094217
612 616 76.509552
612 632 16.610823
613 621 25.282507
613 616 12.056811
614 777 19.537474
614 619 117.164680
615 610 190.118439
615 624 47.361557
616 612 76.509552
616 613 12.056811
616 617 76.019836
617 620 69.851372
617 626 46.638996
617 616 76.019836
618 611 79.519936
618 772 312.316772
619 626 16.939329
619 614 117.164680
619 620 30.706055
620 617 69.851372
620 611 55.609028
620 619 30.706055
621 613 25.282507
621 632 52.719082
621 635 38.393501
622 625 49.595898
622 623 83.052284
623 478 32.242382
623 612 16.094217
623 468 68.102074
623 622 83.052284
624 615 47.361557
624 467 224.802002
624 625 36.950062
625 760 430.635803
625 622 49.595898
625 624 36.950062
626 617 46.638996
626 619 16.939329
626 627 46.389755
627 626 46.389755
627 795 216.974503
628 643 20.489798
628 642 46.755466
628 629 47.709862
629 628 47.709862
629 630 78.879440
630 629 78.879440
630 640 97.262627
631 631 46.552700
631 637 86.596848
632 474 52.605671
632 612 16.610823
632 636 16.151768
632 635 41.901344
632 621 52.719082
632 476 25.164330
632 478 23.324932
633 482 82.533478
633 642 61.709629
633 634 105.954178
634 633 105.954178
634 479 118.133301
635 632 41.901344
635 638 132.435471
635 621 38.393501
636 476 35.368011
636 632 16.151768
636 637 102.306885
637 639 56.969765
637 631 86.596848
637 636 102.306885
638 635 132.435471
638 641 38.525791
638 639 14.235024
639 637 56.969765
639 638 14.235024
639 640 2.683139
640 630 97.262627
640 639 2.683139
640 646 31.306633
641 796 80.650391
641 638 38.525791
641 646 10.504414
642 633 61.709629
642 628 46.755466
642 649 95.811264
643 628 20.489798
643 651 126.964905
643 644 46.448730
644 643 46.448730
644 645 20.626446
644 791 77.453690
645 644 20.626446
645 792 51.344398
645 794 176.773102
646 640 31.306633
646 641 10.504414
646 797 215.611832
647 490 198.278305
647 649 47.610363
648 490 27.919283
648 650 268.320648
648 649 252.981659
649 647 47.610363
649 648 252.981659
649 642 95.811264
650 802 124.875519
650 648 268.320648
650 651 114.499367
651 643 126.964905
651 650 114.499367
651 801 136.994186
652 655 55.812435
652 658 71.667336
653 656 37.238037
653 654 74.143837
654 653 74.143837
654 501 77.893600
655 652 55.812435
655 656 102.226288
656 653 37.238037
656 655 102.226288
656 657 88.678291
657 659 90.403358
657 530 279.195312
657 811 136.508591
657 656 88.678291
658 652 71.667336
658 808 68.206055
658 811 139.558670
659 657 90.403358
659 673 62.707722
659 660 25.785204
660 814 87.203308
660 659 25.785204
660 812 338.239594
661 667 64.854294
661 662 33.245834
662 661 33.245834
662 512 135.733841
663 666 129.969345
663 669 37.290981
663 664 84.162308
664 663 84.162308
664 665 6.883798
664 818 29.835964
665 664 6.883798
665 817 35.113483
665 666 67.940086
666 663 129.969345
666 665 67.940086
666 667 20.615496
667 661 64.854294
667 666 20.615496
667 817 171.136139
668 816 69.828331
668 819 45.489250
668 669 30.789043
669 663 37.290981
669 668 30.789043
669 670 72.099815
670 669 72.099815
670 671 39.658569
671 670 39.658569
671 673 45.615883
672 535 130.517044
672 673 177.033478
673 671 45.615883
673 672 177.033478
673 659 62.707722
674 825 30.802620
674 824 35.190647
675 681 130.058945
675 544 285.119049
675 683 199.712006
676 827 287.616394
676 945 663.229858
676 536 358.863708
677 682 22.286192
677 678 21.294416
678 681 97.994286
678 677 21.294416
678 679 16.205082
679 680 4.054615
679 678 16.205082
680 679 4.054615
680 682 20.399647
680 546 218.919708
681 678 97.994286
681 683 120.010422
681 675 130.058945
682 680 20.399647
682 677 22.286192
682 547 201.256973
683 681 120.010422
683 675 199.712006
683 1091 936.016479
684 685 37.609795
684 834 13.819330
684 837 100.720436
685 684 37.609795
685 686 74.344078
686 685 74.344078
686 548 319.427826
686 687 154.201324
687 688 12.971009
687 686 154.201324
688 691 171.825775
688 687 12.971009
688 689 157.079651
689 688 157.079651
690 691 56.591068
690 697 81.795456
691 688 171.825775
691 690 56.591068
691 559 94.572830
692 551 129.605728
693 694 65.863258
693 703 145.768646
694 697 64.721664
694 693 65.863258
695 695 104.978813
695 696 21.724865
696 695 21.724865
696 697 95.482109
697 690 81.795456
697 694 64.721664
697 696 95.482109
698 565 101.158203
698 699 55.876656
699 698 55.876656
699 710 21.685747
700 704 43.641228
700 702 16.668343
700 701 6.472598
701 703 4.309468
701 700 6.472598
702 703 16.624676
702 700 16.668343
702 553 167.186127
703 701 4.309468
703 702 16.624676
703 693 145.768646
704 700 43.641228
704 707 111.577454
705 708 3.408273
705 706 32.555714
706 946 948.052063
706 705 32.555714
706 707 16.468542
707 704 111.577454
707 706 16.468542
707 708 16.998890
708 705 3.408273
708 707 16.998890
709 710 14.058134
710 699 21.685747
710 709 14.058134
711 846 488.016724
711 712 17.042675
711 574 3.497223
712 573 20.573818
712 711 17.042675
712 714 380.124115
713 717 40.823681
713 715 156.037659
714 712 380.124115
714 853 104.335648
715 713 156.037659
715 719 116.494850
715 716 68.180489
716 720 177.038879
716 715 68.180489
716 582 78.237846
717 718 252.260803
717 713 40.823681
717 858 103.464165
717 719 138.352234
718 717 252.260803
718 853 12.751175
718 719 88.159073
719 715 116.494850
719 717 138.352234
719 718 88.159073
720 716 177.038879
721 723 4.705183
721 722 4.593569
722 725 13.896629
722 721 4.593569
722 731 77.638466
723 721 4.705183
723 726 8.499880
723 864 322.663544
724 584 211.961288
724 582 186.283722
724 725 206.489929
725 726 9.689740
725 722 13.896629
725 724 206.489929
726 723 8.499880
726 725 9.689740
726 858 251.502930
727 599 55.046986
727 733 44.348717
728 732 75.954033
728 744 71.743538
729 729 69.260384
729 730 21.873211
730 729 21.873211
730 742 24.994013
730 743 25.449066
731 736 28.983551
731 735 26.192286
731 722 77.638466
732 728 75.954033
732 606 293.737366
732 599 50.368656
733 727 44.348717
733 739 45.068676
733 740 44.297844
734 868 316.277069
734 741 20.335358
734 735 12.033984
735 731 26.192286
735 734 12.033984
735 736 18.583212
736 731 28.983551
736 735 18.583212
736 737 10.949193
737 587 399.142120
737 736 10.949193
737 738 23.332283
738 589 292.460297
738 737 23.332283
738 739 7.903884
739 733 45.068676
739 738 7.903884
739 740 15.801509
740 733 44.297844
740 739 15.801509
740 741 18.508245
741 734 20.335358
741 740 18.508245
741 742 105.490578
742 730 24.994013
742 741 105.490578
742 743 38.459351
743 730 25.449066
743 742 38.459351
743 865 139.686935
744 728 71.743538
745 768 2.404385
745 765 7.111412
745 767 54.849354
746 749 14.178970
746 873 355.345032
746 758 5.354481
747 751 56.915508
747 774 11.035478
747 750 55.263477
748 758 6.410910
748 751 5.824743
748 771 13.564677
748 774 70.877930
749 746 14.178970
749 752 17.099184
750 773 39.814728
750 747 55.263477
750 751 19.677917
751 747 56.915508
751 772 13.479841
751 748 5.824743
751 750 19.677917
752 758 27.799522
752 753 44.865498
752 749 17.099184
752 759 23.559496
753 752 44.865498
753 754 29.833996
754 761 8.893379
754 753 29.833996
754 607 55.729984
755 889 115.207977
755 762 16.623053
756 760 84.375931
756 770 17.988750
756 759 32.260792
757 778 55.128040
757 767 142.931854
758 752 27.799522
758 748 6.410910
758 746 5.354481
758 759 13.548686
759 760 89.111771
759 771 6.096016
759 752 23.559496
759 756 32.260792
759 758 13.548686
760 759 89.111771
760 771 91.475197
760 756 84.375931
760 625 430.635803
761 607 48.799660
761 754 8.893379
761 769 104.859749
761 770 51.025417
762 755 16.623053
762 763 101.102989
763 762 101.102989
763 764 13.578282
764 766 49.388565
764 767 70.885139
764 763 13.578282
765 745 7.111412
765 766 28.485870
766 764 49.388565
766 765 28.485870
766 767 22.007618
767 745 54.849354
767 764 70.885139
767 757 142.931854
767 766 22.007618
768 745 2.404385
768 779 82.058022
769 761 104.859749
769 610 105.273102
769 770 121.903328
770 756 17.988750
770 761 51.025417
770 769 121.903328
771 748 13.564677
771 759 6.096016
771 760 91.475197
771 772 5.956617
772 751 13.479841
772 773 65.484016
772 618 312.316772
772 771 5.956617
773 750 39.814728
773 772 65.484016
773 896 136.803421
774 747 11.035478
774 748 70.877930
774 875 366.062439
775 897 170.064453
775 787 96.157593
775 780 34.769604
776 784 18.815845
776 779 52.517090
776 785 14.205628
777 614 19.537474
777 782 15.260623
777 778 58.838894
778 757 55.128040
778 777 58.838894
778 779 171.980347
779 776 52.517090
779 768 82.058022
779 778 171.980347
780 775 34.769604
780 783 111.488525
781 782 28.367771
781 787 161.764206
782 777 15.260623
782 781 28.367771
782 783 73.562943
783 780 111.488525
783 782 73.562943
783 784 29.716843
784 776 18.815845
784 783 29.716843
784 785 14.726242
785 776 14.205628
785 784 14.726242
785 786 71.956543
786 879 158.370422
786 785 71.956543
787 775 96.157593
787 781 161.764206
787 795 58.543728
788 793 30.090853
788 790 27.413767
788 912 22.298683
789 794 55.533447
789 792 74.614655
789 790 174.102966
790 788 27.413767
790 914 48.092922
790 789 174.102966
791 644 77.453690
791 792 34.564465
792 645 51.344398
792 789 74.614655
792 791 34.564465
793 800 67.566315
793 788 30.090853
793 794 154.951065
794 789 55.533447
794 793 154.951065
794 645 176.773102
795 627 216.974503
795 787 58.543728
795 796 28.211191
796 913 260.915955
796 641 80.650391
796 795 28.211191
797 914 130.058578
797 646 215.611832
798 924 75.327873
798 799 69.468513
799 798 69.468513
799 802 171.828796
799 800 82.627869
799 920 113.940582
800 799 82.627869
800 793 67.566315
800 801 186.493637
801 651 136.994186
801 800 186.493637
801 802 84.567734
802 799 171.828796
802 650 124.875519
802 801 84.567734
803 812 2.324152
803 809 6.966618
804 812 28.027920
804 805 12.705043
804 928 277.424927
805 804 12.705043
805 809 9.162520
805 929 25.592688
806 815 242.908798
806 807 24.944489
807 806 24.944489
807 814 157.644196
808 810 112.644844
808 658 68.206055
809 805 9.162520
809 803 6.966618
809 810 146.565170
810 808 112.644844
810 811 126.226105
810 809 146.565170
811 657 136.508591
811 810 126.226105
811 658 139.558670
812 803 2.324152
812 804 28.027920
812 660 338.239594
813 816 40.455326
814 660 87.203308
814 807 157.644196
814 815 132.206406
815 806 242.908798
815 814 132.206406
815 816 75.726028
816 813 40.455326
816 815 75.726028
816 668 69.828331
817 665 35.113483
817 667 171.136139
817 818 14.939991
818 664 29.835964
818 817 14.939991
818 819 13.386373
819 818 13.386373
819 668 45.489250
820 821 59.543938
821 823 27.945883
821 822 28.401834
821 820 59.543938
822 821 28.401834
822 828 7.375379
822 823 15.533422
823 821 27.945883
823 822 15.533422
823 824 24.145052
824 674 35.190647
824 823 24.145052
824 825 17.083179
825 674 30.802620
825 824 17.083179
825 827 5.456417
826 828 23.306528
826 827 9.322805
827 825 5.456417
827 826 9.322805
827 676 287.616394
828 826 23.306528
828 822 7.375379
828 830 229.939011
829 938 53.264812
829 945 117.587593
829 830 48.767307
830 938 72.718880
830 829 48.767307
830 828 229.939011
831 834 56.865891
831 832 74.688950
831 837 93.266342
831 833 59.022316
832 831 74.688950
832 836 11.498861
832 837 125.148148
833 831 59.022316
833 835 87.816223
833 834 149.973373
834 684 13.819330
834 831 56.865891
834 833 149.973373
835 833 87.816223
835 836 57.852188
836 832 11.498861
836 835 57.852188
837 838 52.348454
837 831 93.266342
837 684 100.720436
837 832 125.148148
838 837 52.348454
839 841 5.275452
839 840 12.064650
840 839 12.064650
840 843 11.343032
841 839 5.275452
841 843 7.045893
842 845 23.634241
842 844 98.737343
843 840 11.343032
843 841 7.045893
843 844 39.245579
844 842 98.737343
844 843 39.245579
845 842 23.634241
845 965 84.842033
846 967 451.702728
846 711 488.016724
846 968 649.025208
847 849 135.096115
847 848 46.404469
848 847 46.404469
849 852 45.406494
849 847 135.096115
850 971 34.772778
850 851 38.082375
851 970 120.387054
851 850 38.082375
851 852 86.787186
852 849 45.406494
852 851 86.787186
852 853 150.275375
853 714 104.335648
