34240 83696
0 1 1147.440552
0 6 983.725220
1 0 1147.440552
1 11 912.894165
2 40 2206.835205
2 43 1516.234741
3 13 136.313950
3 4 24.347734
4 3 24.347734
4 5 343.872894
5 4 343.872894
6 7 253.360504
6 0 983.725220
7 6 253.360504
7 8 14.042383
8 9 1014.671631
8 7 14.042383
9 8 1014.671631
9 10 11.303965
10 9 11.303965
10 12 360.028534
11 12 12.934397
11 1 912.894165
11 14 16.819149
12 11 12.934397
12 10 360.028534
13 3 136.313950
13 22 258.160004
14 15 53.157017
14 11 16.819149
15 14 53.157017
15 27 95.533325
16 35 1549.109619
16 34 975.643127
17 36 160.125198
17 20 67.391510
18 21 8.769620
18 20 90.197365
18 19 54.403770
19 25 29.667004
19 18 54.403770
19 24 31.328920
20 18 90.197365
20 17 67.391510
21 18 8.769620
21 39 175.599136
22 28 24.706259
22 13 258.160004
22 27 49.920532
23 32 158.490860
23 29 56.558464
23 24 27.019756
24 19 31.328920
24 23 27.019756
24 25 17.654642
25 19 29.667004
25 26 59.391830
25 24 17.654642
26 25 59.391830
26 28 16.829082
26 27 83.304848
27 15 95.533325
27 22 49.920532
27 26 83.304848
28 22 24.706259
28 26 16.829082
28 29 37.743023
29 33 160.098984
29 23 56.558464
29 28 37.743023
30 31 150.162445
30 33 155.493988
31 34 101.357063
31 30 150.162445
32 23 158.490860
32 33 47.710339
33 30 155.493988
33 29 160.098984
33 32 47.710339
34 31 101.357063
34 42 735.897095
34 16 975.643127
35 55 1352.856934
35 16 1549.109619
36 17 160.125198
36 38 15.624454
37 41 578.266418
37 38 144.993698
38 36 15.624454
38 37 144.993698
39 21 175.599136
39 47 708.650452
40 70 967.798157
40 2 2206.835205
41 37 578.266418
41 57 875.272888
42 53 778.357178
42 34 735.897095
43 2 1516.234741
43 55 663.126282
44 45 281.467743
45 44 281.467743
45 52 2067.658691
45 48 366.704590
46 52 209.453033
47 39 708.650452
47 76 731.712524
48 45 366.704590
48 72 456.174225
49 51 13.171414
49 50 76.985367
50 57 240.296890
50 49 76.985367
51 49 13.171414
51 52 43.734859
52 46 209.453033
52 51 43.734859
52 45 2067.658691
53 59 227.907257
53 42 778.357178
54 55 150.231339
54 66 93.362923
55 54 150.231339
55 35 1352.856934
55 43 663.126282
56 71 135.395737
57 50 240.296890
57 41 875.272888
57 58 150.620346
58 57 150.620346
58 83 723.115356
59 85 546.627502
59 53 227.907257
60 63 193.568176
60 61 155.963684
61 62 38.189594
61 60 155.963684
62 61 38.189594
62 88 955.424500
63 60 193.568176
63 77 253.668610
64 69 470.320435
64 65 47.374519
65 67 28.481632
65 64 47.374519
65 80 54.152096
66 54 93.362923
66 67 206.589676
67 65 28.481632
67 77 38.579109
67 66 206.589676
68 70 191.618347
68 69 105.806923
69 68 105.806923
69 64 470.320435
70 40 967.798157
70 68 191.618347
71 82 247.069962
71 56 135.395737
71 72 222.728241
72 71 222.728241
72 48 456.174225
72 74 602.376160
73 75 33.683903
73 74 21.365355
74 72 602.376160
74 73 21.365355
74 75 27.363033
75 73 33.683903
75 91 578.548096
75 74 27.363033
76 105 918.062256
76 47 731.712524
77 78 8.184780
77 63 253.668610
77 67 38.579109
78 77 8.184780
78 80 43.846043
79 90 88.101982
79 80 233.064651
80 78 43.846043
80 79 233.064651
80 65 54.152096
81 108 1032.760986
82 96 673.575317
82 71 247.069962
83 58 723.115356
83 99 669.559143
84 92 198.286957
84 85 88.101913
85 84 88.101913
85 59 546.627502
86 89 186.986877
86 87 163.693985
87 86 163.693985
87 93 233.467316
88 62 955.424500
88 89 56.830933
89 88 56.830933
89 86 186.986877
90 79 88.101982
90 118 835.104248
91 75 578.548096
91 98 81.905182
92 84 198.286957
92 94 377.704132
92 105 1069.454224
92 149 1041.835938
93 87 233.467316
93 94 9.638179
94 150 1091.000977
94 93 9.638179
94 92 377.704132
95 120 318.764679
96 110 294.380035
96 82 673.575317
97 98 244.622406
97 113 152.214188
98 91 81.905182
98 97 244.622406
99 83 669.559143
99 116 115.707825
100 101 193.625839
100 103 32.877266
101 100 193.625839
101 104 399.698242
101 102 166.578125
102 101 166.578125
103 100 32.877266
103 117 953.205627
104 101 399.698242
104 105 53.092396
105 76 918.062256
105 92 1069.454224
105 104 53.092396
105 149 1236.722046
106 168 860.458923
107 109 339.796356
107 108 4.994888
108 107 4.994888
108 81 1032.760986
109 107 339.796356
109 155 464.515656
110 121 369.781738
110 96 294.380035
111 127 209.780334
111 115 286.514526
112 114 119.148628
113 115 10.333348
113 97 152.214188
113 114 150.175980
114 112 119.148628
114 113 150.175980
114 137 64.308990
115 113 10.333348
115 111 286.514526
116 99 115.707825
116 144 290.800629
117 147 591.748535
117 103 953.205627
118 205 1319.727905
118 90 835.104248
119 120 478.605042
119 152 188.563904
119 151 1166.653931
120 153 420.937592
120 95 318.764679
120 119 478.605042
121 122 54.782921
121 110 369.781738
122 121 54.782921
122 125 771.012207
122 154 316.110779
123 125 18.064415
123 124 30.106604
124 129 35.610447
124 123 30.106604
124 125 45.453304
125 122 771.012207
125 123 18.064415
125 124 45.453304
126 129 38.346306
127 111 209.780334
127 129 38.990932
128 130 233.536270
128 129 24.372578
129 127 38.990932
129 126 38.346306
129 128 24.372578
129 124 35.610447
130 128 233.536270
130 133 66.186592
130 137 58.267986
131 133 40.924149
131 137 23.881187
132 143 52.911316
132 134 9.228343
133 131 40.924149
133 130 66.186592
133 138 118.950089
134 132 9.228343
134 135 50.896820
135 138 117.294510
135 134 50.896820
135 136 55.016048
136 135 55.016048
136 140 9.358586
137 131 23.881187
137 130 58.267986
137 114 64.308990
138 133 118.950089
138 135 117.294510
138 156 311.322144
139 142 24.624409
139 145 17.627600
139 140 19.170868
140 136 9.358586
140 139 19.170868
141 143 38.328308
141 147 368.209686
141 144 111.255821
142 145 23.793926
142 139 24.624409
142 143 38.718887
143 132 52.911316
143 141 38.328308
143 142 38.718887
144 141 111.255821
144 116 290.800629
145 142 23.793926
145 161 121.589012
145 139 17.627600
146 161 231.169403
146 162 142.745743
147 141 368.209686
147 148 869.273376
147 117 591.748535
148 164 328.379028
148 177 374.956482
148 147 869.273376
149 199 576.875854
149 92 1041.835938
149 105 1236.722046
150 167 280.141968
150 94 1091.000977
151 172 534.230286
151 119 1166.653931
152 119 188.563904
152 153 215.790100
153 120 420.937592
153 213 933.488159
153 152 215.790100
154 122 316.110779
154 175 185.527344
155 109 464.515656
155 175 243.195969
156 176 224.773911
156 138 311.322144
156 157 176.016647
157 156 176.016647
157 163 155.222229
158 162 32.987396
158 159 20.821280
159 158 20.821280
159 159 54.229954
160 238 1274.944092
160 163 92.537315
161 163 61.673317
161 145 121.589012
161 146 231.169403
162 158 32.987396
162 146 142.745743
162 163 65.825157
163 160 92.537315
163 161 61.673317
163 157 155.222229
163 162 65.825157
164 165 462.523346
164 148 328.379028
165 166 182.753754
165 164 462.523346
166 188 915.521484
166 165 182.753754
166 178 284.343994
167 179 355.865448
167 150 280.141968
168 183 96.686600
168 106 860.458923
169 210 386.095490
170 171 84.508850
170 212 793.230164
171 170 84.508850
172 151 534.230286
172 237 767.712463
173 174 488.385651
173 185 461.771027
174 175 723.264954
174 173 488.385651
175 154 185.527344
175 174 723.264954
175 155 243.195969
176 156 224.773911
176 186 829.947510
177 187 811.294983
177 148 374.956482
178 187 309.805023
178 166 284.343994
179 167 355.865448
179 200 341.581268
179 180 199.454803
180 199 61.636066
180 179 199.454803
181 200 151.755081
181 182 999.074341
182 181 999.074341
182 201 519.123779
183 202 360.515503
183 168 96.686600
184 185 169.698502
184 213 370.302582
185 173 461.771027
185 184 169.698502
186 214 296.763184
186 176 829.947510
187 247 877.040771
187 178 309.805023
187 177 811.294983
188 166 915.521484
188 190 156.216904
189 195 109.028625
189 194 12.133660
189 192 53.172379
190 199 18.059914
190 192 121.558678
190 188 156.216904
191 198 21.084257
191 220 62.670101
192 189 53.172379
192 190 121.558678
193 221 124.518211
193 194 67.272697
194 218 146.881882
194 189 12.133660
194 193 67.272697
195 189 109.028625
195 197 23.058914
196 197 3.824172
197 195 23.058914
197 196 3.824172
197 198 56.726250
198 191 21.084257
198 197 56.726250
199 190 18.059914
199 180 61.636066
199 149 576.875854
200 179 341.581268
200 181 151.755081
201 182 519.123779
201 202 181.963898
201 224 392.551666
202 201 181.963898
202 183 360.515503
202 203 330.500793
203 202 330.500793
203 204 8.740732
204 203 8.740732
204 205 401.323730
205 118 1319.727905
205 204 401.323730
205 206 11.378831
206 248 708.111633
206 205 11.378831
206 226 1384.737183
207 209 213.508820
207 208 194.211777
208 207 194.211777
208 227 441.450104
209 230 433.931610
209 207 213.508820
210 211 132.064743
210 169 386.095490
211 232 250.926910
211 210 132.064743
212 285 1522.166504
212 170 793.230164
212 233 194.164154
213 153 933.488159
213 184 370.302582
213 236 254.284103
213 246 456.344574
214 267 857.313416
214 186 296.763184
215 223 12.038067
215 216 29.248989
216 215 29.248989
216 218 72.534027
216 217 60.956158
217 216 60.956158
218 194 146.881882
218 216 72.534027
218 221 88.441299
218 219 20.417812
219 218 20.417812
219 220 66.813271
220 219 66.813271
220 191 62.670101
221 218 88.441299
221 193 124.518211
222 417 2517.756348
222 269 679.494019
222 223 22.322044
223 215 12.038067
223 222 22.322044
224 201 392.551666
224 272 736.477539
225 228 41.126472
225 227 44.470554
225 226 164.692810
226 206 1384.737183
226 225 164.692810
227 225 44.470554
227 208 441.450104
227 228 28.719461
228 225 41.126472
228 239 836.114990
228 227 28.719461
229 231 112.314980
229 230 14.930919
230 229 14.930919
230 209 433.931610
231 232 331.939880
231 229 112.314980
232 240 290.510590
232 211 250.926910
232 231 331.939880
233 244 1515.897949
233 212 194.164154
233 245 250.057159
234 309 1355.340576
235 287 1030.194336
235 289 1129.601562
236 213 254.284103
236 237 41.429546
237 236 41.429546
237 172 767.712463
238 268 549.650574
238 160 1274.944092
238 247 1150.196289
239 228 836.114990
239 252 481.606384
240 232 290.510590
240 241 49.158756
241 240 49.158756
241 259 57.639351
241 242 45.240322
242 241 45.240322
242 260 40.853901
243 257 109.698898
243 244 375.398193
244 243 375.398193
244 233 1515.897949
245 233 250.057159
245 263 582.890991
246 213 456.344574
246 266 485.325714
247 294 792.223450
247 187 877.040771
247 238 1150.196289
248 274 563.525696
248 206 708.111633
249 277 129.844528
249 253 1072.243286
250 253 6.292159
250 251 14.075151
251 254 202.257736
251 250 14.075151
252 239 481.606384
252 253 70.660027
253 252 70.660027
253 250 6.292159
253 249 1072.243286
254 251 202.257736
254 255 121.062889
255 261 171.472794
255 279 347.282196
255 254 121.062889
256 258 145.532150
256 262 112.247261
256 257 167.878510
257 243 109.698898
257 256 167.878510
257 260 149.723099
258 256 145.532150
258 260 7.710684
258 259 31.223248
259 261 45.130619
259 258 31.223248
259 241 57.639351
260 258 7.710684
260 257 149.723099
260 242 40.853901
261 255 171.472794
261 259 45.130619
262 256 112.247261
262 280 130.249069
263 283 361.081329
263 245 582.890991
263 284 117.531624
264 265 142.118027
265 264 142.118027
265 286 309.763184
266 290 801.753479
266 246 485.325714
266 319 329.086456
267 291 439.390869
267 214 857.313416
268 293 86.279434
268 238 549.650574
269 296 341.137482
269 222 679.494019
270 272 116.694504
270 273 233.743347
270 271 33.397911
271 270 33.397911
271 271 53.336460
272 270 116.694504
272 224 736.477539
272 300 352.544006
273 270 233.743347
274 344 823.784851
274 248 563.525696
275 276 223.700806
275 277 395.288055
276 275 223.700806
276 324 633.769409
276 277 99.268898
277 276 99.268898
277 249 129.844528
277 275 395.288055
278 301 346.401276
278 279 13.866313
279 255 347.282196
279 278 13.866313
280 262 130.249069
280 304 367.289917
281 282 40.997444
281 283 149.394745
282 281 40.997444
282 283 64.273468
283 281 149.394745
283 263 361.081329
283 282 64.273468
284 263 117.531624
284 307 331.181976
285 308 518.735046
285 212 1522.166504
285 309 1115.290405
286 265 309.763184
286 314 418.753448
287 288 76.331406
287 235 1030.194336
288 287 76.331406
288 313 109.672256
289 315 312.790619
289 235 1129.601562
290 320 339.624481
290 266 801.753479
291 267 439.390869
291 321 124.596794
292 321 209.884613
293 294 878.981018
293 342 760.575745
293 268 86.279434
294 247 792.223450
294 293 878.981018
295 297 284.191559
295 366 1024.957397
295 296 16.049662
296 295 16.049662
296 269 341.137482
297 299 652.542419
297 295 284.191559
298 323 383.973969
298 299 99.372803
298 343 602.521240
299 298 99.372803
299 300 637.324097
299 297 652.542419
300 299 637.324097
300 272 352.544006
300 322 299.026855
301 324 765.738403
301 278 346.401276
301 325 502.923645
302 303 321.562195
303 304 106.584579
303 327 295.527496
303 302 321.562195
304 303 106.584579
304 280 367.289917
304 328 261.514313
305 328 572.411194
305 306 225.745148
306 305 225.745148
306 307 368.589264
307 306 368.589264
307 284 331.181976
307 381 746.646362
308 331 136.689240
308 285 518.735046
308 330 70.370110
309 352 482.144165
309 234 1355.340576
309 333 971.116577
309 285 1115.290405
310 314 34.187157
310 312 190.421295
311 313 104.674545
311 312 46.423794
312 336 215.669205
312 310 190.421295
312 311 46.423794
313 288 109.672256
313 311 104.674545
314 310 34.187157
314 334 112.932076
314 286 418.753448
315 338 305.624603
315 289 312.790619
316 338 226.763580
317 318 489.840515
318 317 489.840515
318 339 338.205170
319 266 329.086456
319 339 282.085785
320 340 624.153381
320 290 339.624481
321 341 347.158936
321 291 124.596794
321 292 209.884613
322 300 299.026855
322 367 686.388794
322 323 151.624191
323 298 383.973969
323 322 151.624191
324 348 225.651596
324 346 316.273041
324 301 765.738403
324 276 633.769409
325 301 502.923645
325 349 486.360962
326 327 202.533112
326 349 454.178070
326 376 326.405243
327 303 295.527496
327 326 202.533112
328 305 572.411194
328 304 261.514313
328 329 243.714355
329 328 243.714355
329 378 339.494965
330 308 70.370110
331 308 136.689240
331 350 293.000641
331 332 89.097122
332 331 89.097122
333 353 275.937653
333 335 772.934509
333 309 971.116577
334 314 112.932076
334 335 209.281982
335 334 209.281982
335 333 772.934509
336 312 215.669205
336 386 540.030029
337 387 298.174622
337 338 180.472626
338 316 226.763580
338 337 180.472626
338 315 305.624603
339 358 426.904541
339 319 282.085785
339 318 338.205170
339 340 790.798767
340 461 1345.765137
340 320 624.153381
340 339 790.798767
340 359 633.705444
341 321 347.158936
341 363 226.267609
342 364 133.953156
342 293 760.575745
343 298 602.521240
344 368 42.193462
344 274 823.784851
345 373 201.532364
345 346 79.166557
345 375 447.356873
346 345 79.166557
346 324 316.273041
347 375 98.195564
347 348 84.888870
348 324 225.651596
348 347 84.888870
349 326 454.178070
349 400 639.010742
349 325 486.360962
350 383 442.370270
350 331 293.000641
351 404 526.041321
351 352 77.316132
352 351 77.316132
352 309 482.144165
353 384 393.192810
353 333 275.937653
354 389 439.934021
354 355 346.448486
355 391 391.140472
355 354 346.448486
356 391 801.917542
356 357 100.437561
357 356 100.437561
358 410 593.776672
358 339 426.904541
359 340 633.705444
359 360 123.259010
360 359 123.259010
360 362 136.533279
361 362 81.563728
361 393 563.983521
362 361 81.563728
362 360 136.533279
363 394 429.536194
363 341 226.267609
363 393 460.441345
364 437 984.713257
364 342 133.953156
365 366 277.221985
366 365 277.221985
366 397 262.008331
366 295 1024.957397
367 322 686.388794
367 399 145.745667
368 370 88.407127
368 344 42.193462
369 419 565.072327
369 370 107.703857
370 369 107.703857
370 368 88.407127
371 420 771.695740
371 372 84.314369
371 421 622.501587
372 371 84.314369
372 374 156.034195
373 345 201.532364
373 374 14.293265
374 373 14.293265
374 372 156.034195
375 345 447.356873
375 423 565.611877
375 347 98.195564
376 326 326.405243
377 378 204.679703
377 401 191.928497
378 377 204.679703
378 329 339.494965
378 379 107.085831
379 378 107.085831
379 380 785.588867
380 382 80.957794
380 402 254.890945
380 379 785.588867
381 307 746.646362
381 382 31.524040
382 380 80.957794
382 381 31.524040
383 428 429.093018
383 350 442.370270
384 385 147.481216
384 353 393.192810
385 407 568.745361
385 384 147.481216
386 454 764.526794
386 336 540.030029
387 409 397.398315
387 337 298.174622
388 430 642.452393
388 390 179.223343
389 354 439.934021
389 390 6.556496
390 389 6.556496
390 388 179.223343
391 458 1169.317017
391 355 391.140472
391 356 801.917542
392 393 182.140533
392 435 451.710358
393 361 563.983521
393 394 298.379333
393 363 460.441345
393 392 182.140533
394 411 951.890503
394 393 298.379333
394 363 429.536194
394 462 806.407776
395 415 134.092773
396 398 176.525696
397 398 172.741638
397 440 601.461548
397 366 262.008331
398 397 172.741638
398 396 176.525696
399 367 145.745667
399 441 604.041626
400 349 639.010742
400 446 635.758789
401 377 191.928497
401 424 189.473389
402 426 265.662079
402 380 254.890945
403 405 29.089888
403 406 138.959686
403 404 19.014494
404 351 526.041321
404 403 19.014494
404 405 34.489368
405 429 681.406982
405 403 29.089888
405 404 34.489368
406 403 138.959686
406 407 231.568130
406 451 593.409546
407 406 231.568130
407 385 568.745361
408 430 243.677597
408 409 29.557493
409 570 1983.811279
409 408 29.557493
409 387 397.398315
410 433 305.885284
410 358 593.776672
411 394 951.890503
411 412 339.568451
412 411 339.568451
412 437 666.340210
413 415 149.764725
413 464 534.003113
414 416 444.863861
414 415 174.269943
415 414 174.269943
415 395 134.092773
415 413 149.764725
416 414 444.863861
416 417 533.428711
417 416 533.428711
417 222 2517.756348
417 467 438.284332
418 444 611.271667
419 369 565.072327
419 443 356.520996
419 420 156.553513
420 419 156.553513
420 371 771.695740
420 421 502.341003
421 445 236.550079
421 371 622.501587
421 420 502.341003
422 446 332.586456
422 423 210.660950
423 422 210.660950
423 375 565.611877
424 401 189.473389
424 448 465.512848
425 509 978.939209
426 402 265.662079
426 449 293.686951
427 450 233.743195
428 383 429.093018
428 450 367.344055
428 429 360.590485
429 428 360.590485
429 405 681.406982
430 388 642.452393
430 455 240.016922
430 408 243.677597
431 432 301.246765
431 460 67.403496
432 431 301.246765
433 528 694.454834
433 410 305.885284
434 436 68.668495
435 392 451.710358
435 494 470.657379
435 436 89.687798
436 434 68.668495
436 435 89.687798
437 364 984.713257
437 412 666.340210
437 464 1422.735352
438 440 573.258240
439 469 219.304474
439 440 58.649632
440 438 573.258240
440 439 58.649632
440 397 601.461548
441 399 604.041626
441 469 1077.295532
442 443 136.560059
442 444 9.290291
443 442 136.560059
443 473 334.964966
443 419 356.520996
444 442 9.290291
444 418 611.271667
445 421 236.550079
445 475 223.411453
446 476 257.453766
446 447 367.427612
446 400 635.758789
446 422 332.586456
447 446 367.427612
447 477 171.582199
448 424 465.512848
448 508 537.797852
449 426 293.686951
449 512 432.018677
450 427 233.743195
450 482 691.981628
450 481 376.427124
450 428 367.344055
451 452 775.753784
451 618 1032.596680
451 406 593.409546
452 451 775.753784
453 454 68.010521
454 483 300.179962
454 386 764.526794
454 453 68.010521
455 484 470.683899
455 430 240.016922
456 457 8.254956
456 489 87.859711
457 456 8.254956
457 458 86.793640
458 485 915.102783
458 457 86.793640
458 391 1169.317017
459 488 299.001740
459 460 598.836731
460 459 598.836731
460 431 67.403496
460 525 676.389893
461 527 1528.627808
461 340 1345.765137
462 496 591.389282
462 394 806.407776
462 463 105.315720
463 462 105.315720
463 630 2207.963623
463 495 667.394348
464 437 1422.735352
464 465 193.408447
464 413 534.003113
465 758 2013.743896
465 464 193.408447
465 466 208.135956
466 465 208.135956
466 497 41.562984
467 498 463.574524
467 417 438.284332
468 469 22.494574
468 501 158.000214
469 468 22.494574
469 439 219.304474
469 441 1077.295532
470 473 25.405893
470 474 8.938969
471 505 361.363800
471 472 7.828109
472 471 7.828109
472 473 168.930908
473 470 25.405893
473 472 168.930908
473 443 334.964966
474 470 8.938969
475 445 223.411453
475 507 648.270447
476 507 293.624451
476 446 257.453766
477 447 171.582199
477 478 13.292926
478 477 13.292926
478 614 876.603577
479 512 368.796448
479 514 85.470253
480 519 81.226227
481 523 228.703049
481 450 376.427124
482 450 691.981628
483 569 725.071045
483 454 300.179962
484 572 517.604065
484 455 470.683899
485 458 915.102783
485 573 780.272034
485 486 3.975877
486 574 556.104797
486 485 3.975877
486 487 376.859802
487 489 283.525299
487 486 376.859802
487 490 387.072968
488 459 299.001740
488 490 179.343994
488 489 234.024567
489 488 234.024567
489 456 87.859711
489 487 283.525299
490 576 687.896179
490 488 179.343994
490 487 387.072968
491 492 43.919994
491 493 35.006100
492 491 43.919994
492 495 282.866943
492 493 47.025852
493 491 35.006100
493 492 47.025852
493 628 625.303162
494 435 470.657379
494 495 116.054146
495 463 667.394348
495 494 116.054146
495 492 282.866943
496 462 591.389282
496 580 719.144897
497 466 41.562984
497 498 602.506958
498 467 463.574524
498 497 602.506958
498 499 527.484375
499 583 1006.716064
499 498 527.484375
499 529 177.831375
500 501 109.886253
500 503 15.044226
501 468 158.000214
501 500 109.886253
501 502 114.476921
502 501 114.476921
503 500 15.044226
503 541 90.565529
504 548 139.157974
504 505 227.826736
505 504 227.826736
505 471 361.363800
506 556 420.374481
506 507 57.479771
507 506 57.479771
507 476 293.624451
507 475 648.270447
508 448 537.797852
508 557 416.103058
509 510 71.617622
509 512 134.305374
509 425 978.939209
510 511 31.393593
510 509 71.617622
511 558 230.681763
511 510 31.393593
512 479 368.796448
512 509 134.305374
512 560 373.877472
512 449 432.018677
513 515 47.719425
514 479 85.470253
514 515 118.689568
515 513 47.719425
515 514 118.689568
515 516 64.959969
516 515 64.959969
516 519 63.385391
517 521 75.746544
517 519 113.562157
517 518 120.487701
518 563 287.136871
518 562 60.985573
518 517 120.487701
519 516 63.385391
519 517 113.562157
519 480 81.226227
520 523 72.752159
520 522 8.548467
521 517 75.746544
521 524 51.346333
522 520 8.548467
522 524 98.687912
523 520 72.752159
523 481 228.703049
524 521 51.346333
524 522 98.687912
525 526 1321.008545
525 460 676.389893
525 623 503.547302
526 525 1321.008545
526 577 391.359039
527 461 1528.627808
527 626 602.672729
527 528 84.598495
528 527 84.598495
528 433 694.454834
529 499 177.831375
529 530 233.333481
530 529 233.333481
530 531 26.162533
531 530 26.162533
531 532 49.056904
532 531 49.056904
532 533 278.641357
533 532 278.641357
533 540 177.983963
533 536 240.756348
533 534 39.528156
534 586 96.476074
534 588 133.024963
534 533 39.528156
534 535 68.865723
535 534 68.865723
535 586 253.168213
536 541 97.708405
536 533 240.756348
537 539 72.765747
537 542 97.092606
538 539 69.695122
538 543 37.441845
538 546 126.498573
539 537 72.765747
539 538 69.695122
539 546 153.811569
540 533 177.983963
540 544 147.473724
540 591 292.075256
541 536 97.708405
541 503 90.565529
541 542 31.056667
542 537 97.092606
542 541 31.056667
542 543 96.244194
543 538 37.441845
543 542 96.244194
543 544 67.165726
544 540 147.473724
544 547 161.109283
544 543 67.165726
544 592 189.673477
545 546 52.218578
545 547 37.301132
546 538 126.498573
546 545 52.218578
546 539 153.811569
547 544 161.109283
547 596 75.634224
547 545 37.301132
547 595 80.579124
548 606 441.746643
548 504 139.157974
548 551 76.802551
549 551 59.794697
549 550 11.758307
550 549 11.758307
550 552 96.460030
551 548 76.802551
551 549 59.794697
552 550 96.460030
552 553 130.261520
553 552 130.261520
553 554 386.521149
554 553 386.521149
555 613 308.770508
555 556 17.640406
556 555 17.640406
556 506 420.374481
557 615 512.979614
557 616 294.011841
557 508 416.103058
557 559 557.452332
558 511 230.681763
558 560 203.618256
558 559 119.752243
559 558 119.752243
559 557 557.452332
560 561 192.411728
560 558 203.618256
560 890 1884.230103
560 512 373.877472
561 562 578.725037
561 560 192.411728
562 561 578.725037
562 518 60.985573
562 565 169.045807
563 518 287.136871
563 564 13.180326
564 563 13.180326
564 566 1040.306641
565 713 1194.075806
565 714 1366.422241
565 562 169.045807
566 564 1040.306641
566 618 542.578552
567 656 404.097748
568 569 350.068481
569 657 463.464935
569 483 725.071045
569 568 350.068481
570 658 529.978333
570 409 1983.811279
570 571 957.329529
571 572 327.833405
571 570 957.329529
572 571 327.833405
572 677 1190.265625
572 484 517.604065
573 574 469.536072
573 678 1463.758789
573 485 780.272034
574 573 469.536072
574 621 624.676453
574 486 556.104797
575 575 155.727081
575 621 223.190475
576 623 116.650116
576 490 687.896179
577 625 264.842926
577 526 391.359039
578 632 413.291962
578 579 92.468826
579 578 92.468826
579 580 11.483139
580 629 272.948273
580 579 11.483139
580 496 719.144897
581 632 184.442627
582 703 780.325256
582 583 11.835261
583 582 11.835261
583 499 1006.716064
584 587 91.480537
584 585 77.460480
585 584 77.460480
585 635 108.025375
586 534 96.476074
586 535 253.168213
586 587 10.225704
587 584 91.480537
587 586 10.225704
587 588 33.485428
588 534 133.024963
588 587 33.485428
589 635 140.581635
589 591 58.491837
590 646 58.078575
590 636 111.592743
590 591 41.980633
591 592 167.162659
591 589 58.491837
591 540 292.075256
591 590 41.980633
592 591 167.162659
592 544 189.673477
592 595 152.403732
593 597 107.698402
593 600 62.024364
594 647 261.508881
594 598 49.933830
595 547 80.579124
595 592 152.403732
595 596 113.910835
596 547 75.634224
596 595 113.910835
596 597 10.012357
597 593 107.698402
597 596 10.012357
597 598 29.471037
598 594 49.933830
598 603 361.668823
598 597 29.471037
599 601 9.358586
599 600 97.946953
600 599 97.946953
600 593 62.024364
601 599 9.358586
601 602 20.462889
602 601 20.462889
602 611 229.524979
603 648 939.506226
603 598 361.668823
603 604 127.887772
604 610 12.014031
604 603 127.887772
605 611 19.488636
605 606 59.178825
605 607 23.242252
606 605 59.178825
606 548 441.746643
607 605 23.242252
607 611 32.844833
607 608 184.883286
608 607 184.883286
608 609 19.472639
609 608 19.472639
609 612 492.424011
610 604 12.014031
610 611 49.839016
611 605 19.488636
611 607 32.844833
611 610 49.839016
611 602 229.524979
612 609 492.424011
612 649 836.810608
612 648 320.215546
613 652 447.476959
613 555 308.770508
614 478 876.603577
614 670 443.275635
615 654 599.241699
615 557 512.979614
616 675 462.342316
616 557 294.011841
616 617 87.182358
617 616 87.182358
618 451 1032.596680
618 676 507.466766
618 566 542.578552
618 619 195.011566
619 618 195.011566
619 655 931.848328
620 657 360.716980
620 658 432.037079
621 574 624.676453
621 575 223.190475
621 678 574.943176
622 681 580.122375
622 623 110.276230
622 624 778.665955
623 622 110.276230
623 576 116.650116
623 525 503.547302
624 625 224.111908
624 622 778.665955
624 686 597.666687
625 577 264.842926
625 624 224.111908
625 687 857.133911
626 627 16.376974
626 527 602.672729
627 696 616.603149
627 626 16.376974
627 661 241.041122
628 790 1281.050293
628 493 625.303162
629 580 272.948273
629 630 106.260010
630 629 106.260010
630 792 2106.247070
630 463 2207.963623
631 662 445.911591
631 632 153.279770
632 581 184.442627
632 631 153.279770
632 578 413.291962
633 810 1224.477051
633 703 1058.305176
633 634 195.898270
634 633 195.898270
634 637 220.640213
635 585 108.025375
635 637 141.292130
635 589 140.581635
635 645 165.625259
636 590 111.592743
636 636 36.387791
637 635 141.292130
637 634 220.640213
638 639 74.823540
638 645 85.528442
639 638 74.823540
639 640 56.035156
640 639 56.035156
640 644 31.218830
641 642 70.630142
642 646 59.954182
642 641 70.630142
642 643 49.168369
643 642 49.168369
643 644 8.737631
644 640 31.218830
644 643 8.737631
645 638 85.528442
645 635 165.625259
645 646 150.096344
646 642 59.954182
646 645 150.096344
646 590 58.078575
647 594 261.508881
647 664 234.423553
648 612 320.215546
648 603 939.506226
648 665 53.888004
649 612 836.810608
649 650 483.436462
650 651 94.458328
650 649 483.436462
651 650 94.458328
651 652 266.907715
652 613 447.476959
652 765 964.516174
652 651 266.907715
652 653 226.217194
653 652 226.217194
653 668 520.040466
654 615 599.241699
654 673 629.918213
655 656 702.506226
655 823 1500.099854
655 619 931.848328
656 567 404.097748
656 655 702.506226
656 657 553.529114
657 620 360.716980
657 656 553.529114
657 772 880.920837
657 569 463.464935
658 620 432.037079
658 716 1174.639526
658 570 529.978333
658 824 1032.609619
659 689 1219.888184
659 786 1042.642944
660 693 243.032196
660 691 200.566376
661 695 242.723450
661 627 241.041122
662 699 321.439240
662 631 445.911591
663 704 295.285309
663 664 80.291550
664 663 80.291550
664 647 234.423553
664 706 361.373169
665 648 53.888004
665 814 1201.724365
666 667 66.183113
666 669 95.102234
667 668 131.439392
667 666 66.183113
668 653 520.040466
668 667 131.439392
668 707 212.698654
669 666 95.102234
669 672 41.299725
670 671 123.667702
670 614 443.275635
671 709 181.842514
671 670 123.667702
671 672 207.376572
671 674 115.062851
672 671 207.376572
672 669 41.299725
673 674 201.261337
673 654 629.918213
674 673 201.261337
674 671 115.062851
674 712 185.603058
675 616 462.342316
675 887 1064.205078
676 618 507.466766
677 719 24.083824
677 572 1190.265625
678 621 574.943176
678 724 77.890106
678 680 538.659973
678 573 1463.758789
679 683 312.434082
679 680 26.238209
680 679 26.238209
680 678 538.659973
681 622 580.122375
681 682 49.098003
682 681 49.098003
682 735 273.353424
682 683 93.067078
683 725 271.448120
683 682 93.067078
683 679 312.434082
684 746 16.553080
684 686 114.859016
685 753 38.159138
686 684 114.859016
686 624 597.666687
687 625 857.133911
687 688 90.109383
688 689 104.891022
688 743 976.537231
688 687 90.109383
689 659 1219.888184
689 688 104.891022
690 692 7.780050
691 694 226.281189
691 660 200.566376
692 690 7.780050
692 693 112.559532
693 695 37.963276
693 660 243.032196
693 692 112.559532
694 691 226.281189
694 853 870.564941
694 695 56.855118
695 693 37.963276
695 694 56.855118
695 661 242.723450
696 856 964.288269
696 627 616.603149
696 697 224.722137
697 698 791.632080
697 696 224.722137
698 697 791.632080
699 757 291.166748
699 662 321.439240
700 763 160.362183
701 763 551.685242
701 702 153.191742
702 701 153.191742
702 764 390.209412
702 703 15.768609
703 582 780.325256
703 702 15.768609
703 633 1058.305176
704 705 202.561203
704 663 295.285309
705 812 336.759979
705 704 202.561203
706 664 361.373169
706 1022 1724.188721
707 668 212.698654
708 815 450.393036
708 882 1058.653320
708 709 175.323730
709 671 181.842514
709 708 175.323730
710 711 94.715637
710 712 74.359169
711 710 94.715637
711 767 221.988373
712 710 74.359169
712 674 185.603058
713 565 1194.075806
713 770 296.990997
714 822 1286.479126
714 771 224.794296
714 565 1366.422241
715 716 106.738213
716 658 1174.639526
716 825 811.774658
716 715 106.738213
717 774 58.829586
717 718 35.358250
718 717 35.358250
718 723 44.775108
719 721 203.642609
719 677 24.083824
719 720 30.243580
720 719 30.243580
721 722 73.214485
721 719 203.642609
722 775 298.106079
722 721 73.214485
722 723 52.946301
723 718 44.775108
723 722 52.946301
724 678 77.890106
724 724 105.514877
725 726 29.819185
725 683 271.448120
726 725 29.819185
726 730 8.842449
726 728 73.034180
727 729 22.988098
727 778 389.425903
728 726 73.034180
728 729 29.510393
729 727 22.988098
729 728 29.510393
730 735 81.836823
730 726 8.842449
730 740 53.794243
731 733 79.295837
731 738 74.356873
731 735 41.811512
732 736 70.138481
732 738 39.078064
733 731 79.295837
733 734 36.168655
733 737 60.872391
734 733 36.168655
734 741 7.062560
734 780 135.913254
735 731 41.811512
735 682 273.353424
735 741 68.002403
735 730 81.836823
736 744 49.815952
736 732 70.138481
736 748 110.751579
737 733 60.872391
737 739 128.477478
738 732 39.078064
738 731 74.356873
739 737 128.477478
739 783 84.885483
739 748 20.026518
740 730 53.794243
740 741 92.239349
741 735 68.002403
741 734 7.062560
741 740 92.239349
742 750 31.065891
742 749 31.435013
743 745 67.632988
743 688 976.537231
744 745 196.750153
744 736 49.815952
744 752 64.819450
745 743 67.632988
745 744 196.750153
745 747 86.073647
746 752 26.422091
746 684 16.553080
747 745 86.073647
747 751 91.329308
748 736 110.751579
748 739 20.026518
748 749 81.854782
749 742 31.435013
749 748 81.854782
749 750 8.297523
750 742 31.065891
750 749 8.297523
750 751 83.624428
751 783 210.700439
751 747 91.329308
751 750 83.624428
752 744 64.819450
752 746 26.422091
752 753 128.794571
753 752 128.794571
753 685 38.159138
754 794 114.483253
754 755 78.437172
755 791 103.071884
755 754 78.437172
755 756 118.227150
756 755 118.227150
756 757 84.195023
757 756 84.195023
757 699 291.166748
758 808 382.018280
758 465 2013.743896
758 759 87.078629
759 762 67.080887
759 758 87.078629
760 761 42.168949
761 760 42.168949
761 799 90.239067
761 800 56.931553
762 759 67.080887
762 804 258.134094
763 807 367.601898
763 701 551.685242
763 700 160.362183
764 702 390.209412
764 874 475.566711
765 877 471.697174
765 652 964.516174
765 766 485.193604
766 765 485.193604
767 711 221.988373
767 768 218.767654
767 883 805.218079
768 767 218.767654
768 818 398.118866
769 817 178.495529
770 820 161.716522
770 713 296.990997
771 821 400.405609
771 714 224.794296
772 960 799.037476
772 657 880.920837
773 774 53.098557
774 773 53.098557
774 717 58.829586
775 829 23.380245
775 722 298.106079
775 833 82.091736
775 776 253.448700
776 837 167.115417
776 775 253.448700
776 777 411.851349
777 778 733.961060
777 776 411.851349
778 727 389.425903
778 777 733.961060
779 782 164.207443
779 780 62.379475
780 734 135.913254
780 781 137.659210
780 779 62.379475
781 839 93.126526
781 780 137.659210
781 905 582.262024
782 783 41.435650
782 779 164.207443
783 751 210.700439
783 782 41.435650
783 739 84.885483
784 841 702.827698
784 785 86.139511
784 786 117.205376
785 784 86.139511
785 965 644.335327
785 786 84.949211
786 784 117.205376
786 785 84.949211
786 659 1042.642944
787 909 1093.928589
788 843 383.385040
788 842 483.242828
789 854 837.908020
789 790 12.216087
790 628 1281.050293
790 789 12.216087
791 755 103.071884
791 799 52.121918
792 794 52.935894
792 630 2106.247070
793 859 95.298737
793 794 126.293915
794 793 126.293915
794 792 52.935894
794 754 114.483253
794 803 183.358185
795 796 138.251770
795 805 57.489120
796 795 138.251770
796 804 154.248032
796 808 163.063141
797 806 11.250298
797 804 9.278129
797 802 39.236832
798 799 60.531750
798 802 107.851067
798 803 79.011101
799 791 52.121918
799 798 60.531750
799 761 90.239067
800 761 56.931553
801 872 81.342773
801 806 47.273155
801 869 154.161774
802 798 107.851067
802 797 39.236832
802 803 85.347076
803 798 79.011101
803 802 85.347076
803 794 183.358185
804 797 9.278129
804 796 154.248032
804 762 258.134094
805 795 57.489120
805 873 366.085938
805 806 89.869507
806 797 11.250298
806 801 47.273155
806 805 89.869507
807 763 367.601898
807 809 20.116076
808 758 382.018280
808 796 163.063141
808 809 136.128998
809 807 20.116076
809 808 136.128998
810 633 1224.477051
810 928 954.515991
811 813 85.468605
812 813 133.986115
812 705 336.759979
813 876 173.267868
813 812 133.986115
813 811 85.468605
814 877 440.983307
814 665 1201.724365
815 708 450.393036
816 818 42.822144
817 769 178.495529
817 819 176.341827
818 816 42.822144
818 768 398.118866
818 819 176.097519
819 817 176.341827
819 930 611.140869
819 818 176.097519
819 885 396.539612
820 891 470.722534
820 770 161.716522
821 894 106.722664
821 771 400.405609
822 823 454.948364
822 895 241.529358
822 714 1286.479126
823 655 1500.099854
823 991 874.785522
823 822 454.948364
824 658 1032.609619
824 961 584.066895
824 896 1530.300781
825 716 811.774658
825 831 123.644104
826 896 633.179626
826 827 202.917984
827 828 102.658897
827 826 202.917984
827 831 92.421684
828 827 102.658897
828 831 11.726383
829 835 172.650620
829 775 23.380245
829 837 113.496506
830 832 132.327316
831 825 123.644104
831 828 11.726383
831 827 92.421684
831 832 78.815681
832 830 132.327316
832 831 78.815681
832 833 118.666092
833 832 118.666092
833 775 82.091736
834 836 120.784393
834 897 237.916336
834 838 19.079477
835 838 17.869347
835 829 172.650620
835 836 113.194321
836 834 120.784393
836 835 113.194321
836 1069 1979.484131
837 829 113.496506
837 776 167.115417
838 834 19.079477
838 835 17.869347
839 781 93.126526
839 906 605.561584
840 908 437.757996
840 841 439.613556
841 964 426.200775
841 840 439.613556
841 784 702.827698
842 788 483.242828
843 788 383.385040
843 911 183.181229
844 845 117.433197
845 844 117.433197
845 846 61.036961
846 845 61.036961
846 848 100.782654
846 847 75.405640
847 849 91.386948
847 846 75.405640
848 846 100.782654
848 849 76.856598
849 847 91.386948
849 848 76.856598
850 915 106.952225
851 914 140.993362
851 852 151.683914
852 851 151.683914
852 920 265.538818
853 855 1280.173462
853 925 331.293732
853 694 870.564941
854 789 837.908020
854 979 586.769958
854 856 15.609994
855 853 1280.173462
855 856 208.141418
856 854 15.609994
856 696 964.288269
856 855 208.141418
857 858 260.092346
857 863 812.298706
857 1017 757.648682
858 1017 1272.970947
858 857 260.092346
858 1057 2383.413330
859 865 28.227276
859 793 95.298737
860 867 78.464737
860 864 109.709648
861 862 22.247667
862 861 22.247667
862 866 74.653061
863 857 812.298706
863 864 12.372948
864 860 109.709648
864 863 12.372948
864 865 18.447630
865 859 28.227276
865 864 18.447630
865 866 108.562248
866 862 74.653061
866 865 108.562248
866 868 47.516071
867 860 78.464737
867 871 232.668274
867 870 14.670318
868 866 47.516071
868 869 9.059917
869 872 92.275322
869 868 9.059917
869 801 154.161774
870 867 14.670318
870 927 180.284378
871 867 232.668274
871 872 47.866562
872 869 92.275322
872 871 47.866562
872 801 81.342773
873 805 366.085938
874 764 475.566711
874 875 119.362617
875 874 119.362617
875 980 508.206726
876 928 355.783997
876 813 173.267868
877 814 440.983307
877 878 16.443579
877 765 471.697174
878 981 727.323853
878 877 16.443579
878 879 498.750000
879 878 498.750000
879 880 617.638367
879 982 713.705566
880 881 10.592774
880 879 617.638367
881 880 10.592774
881 882 43.445805
882 881 43.445805
882 983 549.550842
882 708 1058.653320
883 1031 948.258423
883 767 805.218079
883 929 660.983459
884 888 64.919876
885 819 396.539612
885 888 148.283279
886 942 160.485062
886 887 10.984200
887 886 10.984200
887 675 1064.205078
888 884 64.919876
888 885 148.283279
888 946 149.616348
889 891 131.734711
889 954 158.065567
890 953 249.995682
890 560 1884.230103
891 889 131.734711
891 820 470.722534
891 892 150.235794
892 891 150.235794
893 894 15.439515
893 990 616.104614
894 893 15.439515
894 821 106.722664
895 959 375.802887
895 822 241.529358
896 1000 860.592773
896 826 633.179626
896 824 1530.300781
897 834 237.916336
897 900 48.109852
897 1068 981.907471
898 899 30.465771
899 898 30.465771
899 904 31.660946
900 897 48.109852
900 904 125.687279
900 901 72.781052
901 900 72.781052
901 902 59.816555
902 901 59.816555
902 903 51.829861
903 902 51.829861
904 900 125.687279
904 899 31.660946
905 906 491.347382
905 1001 348.330963
905 781 582.262024
906 905 491.347382
906 839 605.561584
906 907 57.780628
907 908 518.062622
907 906 57.780628
907 962 346.788544
908 963 202.114441
908 840 437.757996
908 907 518.062622
909 787 1093.928589
909 970 331.363068
909 971 742.643555
910 1010 647.193909
910 911 210.235748
911 912 1103.857910
911 910 210.235748
911 843 183.181229
912 916 317.480804
912 911 1103.857910
913 1011 678.753235
913 917 65.252647
914 851 140.993362
914 915 190.675110
915 850 106.952225
915 914 190.675110
915 918 51.898777
916 912 317.480804
916 918 7.288124
916 917 62.952221
917 913 65.252647
917 916 62.952221
918 915 51.898777
918 916 7.288124
918 919 28.793564
919 918 28.793564
920 972 300.490509
920 852 265.538818
920 921 129.199768
921 920 129.199768
921 922 33.485233
922 972 274.217590
922 921 33.485233
922 973 201.263062
923 924 9.869699
924 923 9.869699
924 974 124.228218
925 1148 1410.006470
925 853 331.293732
925 978 773.400085
926 927 39.204353
927 926 39.204353
927 1018 765.449707
927 870 180.284378
928 1059 1225.284668
928 876 355.783997
928 810 954.515991
